//
// This file has been automatically generated.
// Claudio M. Perez
//
#pragma once
template <int ndm, int nip> struct GaussLegendre;


    
template<> struct GaussLegendre<2,1> {
  constexpr static int nip = 1;
  constexpr static int deg = 1;

  constexpr static double pts[1][2] = {
    {                 0.0,                  0.0}
  };
  constexpr static double wts[1] = {
                      4.0
  };
};


template<> struct GaussLegendre<2,4> {
  constexpr static int nip = 4;
  constexpr static int deg = 2;

  constexpr static double pts[4][2] = {
    {-0.57735026918962573, -0.57735026918962573},
    {-0.57735026918962573,  0.57735026918962573},
    { 0.57735026918962573, -0.57735026918962573},
    { 0.57735026918962573,  0.57735026918962573}
  };
  constexpr static double wts[4] = {
                      1.0,
                      1.0,
                      1.0,
                      1.0
  };
};


template<> struct GaussLegendre<2,9> {
  constexpr static int nip = 9;
  constexpr static int deg = 3;

  constexpr static double pts[9][2] = {
    { -0.7745966692414834,  -0.7745966692414834},
    { -0.7745966692414834,                  0.0},
    { -0.7745966692414834,   0.7745966692414834},
    {                 0.0,  -0.7745966692414834},
    {                 0.0,                  0.0},
    {                 0.0,   0.7745966692414834},
    {  0.7745966692414834,  -0.7745966692414834},
    {  0.7745966692414834,                  0.0},
    {  0.7745966692414834,   0.7745966692414834}
  };
  constexpr static double wts[9] = {
      0.30864197530864212,
      0.49382716049382724,
      0.30864197530864212,
      0.49382716049382724,
      0.79012345679012341,
      0.49382716049382724,
      0.30864197530864212,
      0.49382716049382724,
      0.30864197530864212
  };
};


template<> struct GaussLegendre<2,16> {
  constexpr static int nip = 16;
  constexpr static int deg = 4;

  constexpr static double pts[16][2] = {
    {-0.86113631159405257, -0.86113631159405257},
    {-0.86113631159405257, -0.33998104358485626},
    {-0.86113631159405257,  0.33998104358485626},
    {-0.86113631159405257,  0.86113631159405257},
    {-0.33998104358485626, -0.86113631159405257},
    {-0.33998104358485626, -0.33998104358485626},
    {-0.33998104358485626,  0.33998104358485626},
    {-0.33998104358485626,  0.86113631159405257},
    { 0.33998104358485626, -0.86113631159405257},
    { 0.33998104358485626, -0.33998104358485626},
    { 0.33998104358485626,  0.33998104358485626},
    { 0.33998104358485626,  0.86113631159405257},
    { 0.86113631159405257, -0.86113631159405257},
    { 0.86113631159405257, -0.33998104358485626},
    { 0.86113631159405257,  0.33998104358485626},
    { 0.86113631159405257,  0.86113631159405257}
  };
  constexpr static double wts[16] = {
      0.12100299328560188,
      0.22685185185185175,
      0.22685185185185175,
      0.12100299328560188,
      0.22685185185185175,
      0.42529330301069435,
      0.42529330301069435,
      0.22685185185185175,
      0.22685185185185175,
      0.42529330301069435,
      0.42529330301069435,
      0.22685185185185175,
      0.12100299328560188,
      0.22685185185185175,
      0.22685185185185175,
      0.12100299328560188
  };
};


template<> struct GaussLegendre<2,25> {
  constexpr static int nip = 25;
  constexpr static int deg = 5;

  constexpr static double pts[25][2] = {
    {-0.90617984593866396, -0.90617984593866396},
    {-0.90617984593866396, -0.53846931010568311},
    {-0.90617984593866396,                  0.0},
    {-0.90617984593866396,  0.53846931010568311},
    {-0.90617984593866396,  0.90617984593866396},
    {-0.53846931010568311, -0.90617984593866396},
    {-0.53846931010568311, -0.53846931010568311},
    {-0.53846931010568311,                  0.0},
    {-0.53846931010568311,  0.53846931010568311},
    {-0.53846931010568311,  0.90617984593866396},
    {                 0.0, -0.90617984593866396},
    {                 0.0, -0.53846931010568311},
    {                 0.0,                  0.0},
    {                 0.0,  0.53846931010568311},
    {                 0.0,  0.90617984593866396},
    { 0.53846931010568311, -0.90617984593866396},
    { 0.53846931010568311, -0.53846931010568311},
    { 0.53846931010568311,                  0.0},
    { 0.53846931010568311,  0.53846931010568311},
    { 0.53846931010568311,  0.90617984593866396},
    { 0.90617984593866396, -0.90617984593866396},
    { 0.90617984593866396, -0.53846931010568311},
    { 0.90617984593866396,                  0.0},
    { 0.90617984593866396,  0.53846931010568311},
    { 0.90617984593866396,  0.90617984593866396}
  };
  constexpr static double wts[25] = {
     0.056134348862428796,
       0.1134000000000001,
       0.1347850723875211,
       0.1134000000000001,
     0.056134348862428796,
       0.1134000000000001,
      0.22908540422399085,
      0.27228653255075058,
      0.22908540422399085,
       0.1134000000000001,
       0.1347850723875211,
      0.27228653255075058,
      0.32363456790123468,
      0.27228653255075058,
       0.1347850723875211,
       0.1134000000000001,
      0.22908540422399085,
      0.27228653255075058,
      0.22908540422399085,
       0.1134000000000001,
     0.056134348862428796,
       0.1134000000000001,
       0.1347850723875211,
       0.1134000000000001,
     0.056134348862428796
  };
};


template<> struct GaussLegendre<2,36> {
  constexpr static int nip = 36;
  constexpr static int deg = 6;

  constexpr static double pts[36][2] = {
    {-0.93246951420315205, -0.93246951420315205},
    {-0.93246951420315205, -0.66120938646626448},
    {-0.93246951420315205, -0.23861918608319693},
    {-0.93246951420315205,  0.23861918608319693},
    {-0.93246951420315205,  0.66120938646626448},
    {-0.93246951420315205,  0.93246951420315205},
    {-0.66120938646626448, -0.93246951420315205},
    {-0.66120938646626448, -0.66120938646626448},
    {-0.66120938646626448, -0.23861918608319693},
    {-0.66120938646626448,  0.23861918608319693},
    {-0.66120938646626448,  0.66120938646626448},
    {-0.66120938646626448,  0.93246951420315205},
    {-0.23861918608319693, -0.93246951420315205},
    {-0.23861918608319693, -0.66120938646626448},
    {-0.23861918608319693, -0.23861918608319693},
    {-0.23861918608319693,  0.23861918608319693},
    {-0.23861918608319693,  0.66120938646626448},
    {-0.23861918608319693,  0.93246951420315205},
    { 0.23861918608319693, -0.93246951420315205},
    { 0.23861918608319693, -0.66120938646626448},
    { 0.23861918608319693, -0.23861918608319693},
    { 0.23861918608319693,  0.23861918608319693},
    { 0.23861918608319693,  0.66120938646626448},
    { 0.23861918608319693,  0.93246951420315205},
    { 0.66120938646626448, -0.93246951420315205},
    { 0.66120938646626448, -0.66120938646626448},
    { 0.66120938646626448, -0.23861918608319693},
    { 0.66120938646626448,  0.23861918608319693},
    { 0.66120938646626448,  0.66120938646626448},
    { 0.66120938646626448,  0.93246951420315205},
    { 0.93246951420315205, -0.93246951420315205},
    { 0.93246951420315205, -0.66120938646626448},
    { 0.93246951420315205, -0.23861918608319693},
    { 0.93246951420315205,  0.23861918608319693},
    { 0.93246951420315205,  0.66120938646626448},
    { 0.93246951420315205,  0.93246951420315205}
  };
  constexpr static double wts[36] = {
     0.029352081688980191,
     0.061807293372383172,
       0.0801651173178064,
       0.0801651173178064,
     0.061807293372383172,
     0.029352081688980191,
     0.061807293372383172,
      0.13014891258816769,
      0.16880536708758812,
      0.16880536708758812,
      0.13014891258816769,
     0.061807293372383172,
       0.0801651173178064,
      0.16880536708758812,
      0.21894345016729691,
      0.21894345016729691,
      0.16880536708758812,
       0.0801651173178064,
       0.0801651173178064,
      0.16880536708758812,
      0.21894345016729691,
      0.21894345016729691,
      0.16880536708758812,
       0.0801651173178064,
     0.061807293372383172,
      0.13014891258816769,
      0.16880536708758812,
      0.16880536708758812,
      0.13014891258816769,
     0.061807293372383172,
     0.029352081688980191,
     0.061807293372383172,
       0.0801651173178064,
       0.0801651173178064,
     0.061807293372383172,
     0.029352081688980191
  };
};


template<> struct GaussLegendre<2,49> {
  constexpr static int nip = 49;
  constexpr static int deg = 7;

  constexpr static double pts[49][2] = {
    {-0.94910791234275849, -0.94910791234275849},
    {-0.94910791234275849, -0.74153118559939446},
    {-0.94910791234275849, -0.40584515137739718},
    {-0.94910791234275849,                  0.0},
    {-0.94910791234275849,  0.40584515137739718},
    {-0.94910791234275849,  0.74153118559939446},
    {-0.94910791234275849,  0.94910791234275849},
    {-0.74153118559939446, -0.94910791234275849},
    {-0.74153118559939446, -0.74153118559939446},
    {-0.74153118559939446, -0.40584515137739718},
    {-0.74153118559939446,                  0.0},
    {-0.74153118559939446,  0.40584515137739718},
    {-0.74153118559939446,  0.74153118559939446},
    {-0.74153118559939446,  0.94910791234275849},
    {-0.40584515137739718, -0.94910791234275849},
    {-0.40584515137739718, -0.74153118559939446},
    {-0.40584515137739718, -0.40584515137739718},
    {-0.40584515137739718,                  0.0},
    {-0.40584515137739718,  0.40584515137739718},
    {-0.40584515137739718,  0.74153118559939446},
    {-0.40584515137739718,  0.94910791234275849},
    {                 0.0, -0.94910791234275849},
    {                 0.0, -0.74153118559939446},
    {                 0.0, -0.40584515137739718},
    {                 0.0,                  0.0},
    {                 0.0,  0.40584515137739718},
    {                 0.0,  0.74153118559939446},
    {                 0.0,  0.94910791234275849},
    { 0.40584515137739718, -0.94910791234275849},
    { 0.40584515137739718, -0.74153118559939446},
    { 0.40584515137739718, -0.40584515137739718},
    { 0.40584515137739718,                  0.0},
    { 0.40584515137739718,  0.40584515137739718},
    { 0.40584515137739718,  0.74153118559939446},
    { 0.40584515137739718,  0.94910791234275849},
    { 0.74153118559939446, -0.94910791234275849},
    { 0.74153118559939446, -0.74153118559939446},
    { 0.74153118559939446, -0.40584515137739718},
    { 0.74153118559939446,                  0.0},
    { 0.74153118559939446,  0.40584515137739718},
    { 0.74153118559939446,  0.74153118559939446},
    { 0.74153118559939446,  0.94910791234275849},
    { 0.94910791234275849, -0.94910791234275849},
    { 0.94910791234275849, -0.74153118559939446},
    { 0.94910791234275849, -0.40584515137739718},
    { 0.94910791234275849,                  0.0},
    { 0.94910791234275849,  0.40584515137739718},
    { 0.94910791234275849,  0.74153118559939446},
    { 0.94910791234275849,  0.94910791234275849}
  };
  constexpr static double wts[49] = {
     0.016766356463753577,
     0.036217643154239698,
     0.049441251171913413,
     0.054119430757927918,
     0.049441251171913413,
     0.036217643154239698,
     0.016766356463753577,
     0.036217643154239698,
     0.078235106028169479,
      0.10679992375890437,
       0.1169054370959261,
      0.10679992375890437,
     0.078235106028169479,
     0.036217643154239698,
     0.049441251171913413,
      0.10679992375890437,
       0.1457941874687412,
      0.15958937621111868,
       0.1457941874687412,
      0.10679992375890437,
     0.049441251171913413,
     0.054119430757927918,
       0.1169054370959261,
      0.15958937621111868,
      0.17468987921699256,
      0.15958937621111868,
       0.1169054370959261,
     0.054119430757927918,
     0.049441251171913413,
      0.10679992375890437,
       0.1457941874687412,
      0.15958937621111868,
       0.1457941874687412,
      0.10679992375890437,
     0.049441251171913413,
     0.036217643154239698,
     0.078235106028169479,
      0.10679992375890437,
       0.1169054370959261,
      0.10679992375890437,
     0.078235106028169479,
     0.036217643154239698,
     0.016766356463753577,
     0.036217643154239698,
     0.049441251171913413,
     0.054119430757927918,
     0.049441251171913413,
     0.036217643154239698,
     0.016766356463753577
  };
};


template<> struct GaussLegendre<2,64> {
  constexpr static int nip = 64;
  constexpr static int deg = 8;

  constexpr static double pts[64][2] = {
    {-0.96028985649753618, -0.96028985649753618},
    {-0.96028985649753618, -0.79666647741362673},
    {-0.96028985649753618, -0.52553240991632899},
    {-0.96028985649753618, -0.18343464249564978},
    {-0.96028985649753618,  0.18343464249564978},
    {-0.96028985649753618,  0.52553240991632899},
    {-0.96028985649753618,  0.79666647741362673},
    {-0.96028985649753618,  0.96028985649753618},
    {-0.79666647741362673, -0.96028985649753618},
    {-0.79666647741362673, -0.79666647741362673},
    {-0.79666647741362673, -0.52553240991632899},
    {-0.79666647741362673, -0.18343464249564978},
    {-0.79666647741362673,  0.18343464249564978},
    {-0.79666647741362673,  0.52553240991632899},
    {-0.79666647741362673,  0.79666647741362673},
    {-0.79666647741362673,  0.96028985649753618},
    {-0.52553240991632899, -0.96028985649753618},
    {-0.52553240991632899, -0.79666647741362673},
    {-0.52553240991632899, -0.52553240991632899},
    {-0.52553240991632899, -0.18343464249564978},
    {-0.52553240991632899,  0.18343464249564978},
    {-0.52553240991632899,  0.52553240991632899},
    {-0.52553240991632899,  0.79666647741362673},
    {-0.52553240991632899,  0.96028985649753618},
    {-0.18343464249564978, -0.96028985649753618},
    {-0.18343464249564978, -0.79666647741362673},
    {-0.18343464249564978, -0.52553240991632899},
    {-0.18343464249564978, -0.18343464249564978},
    {-0.18343464249564978,  0.18343464249564978},
    {-0.18343464249564978,  0.52553240991632899},
    {-0.18343464249564978,  0.79666647741362673},
    {-0.18343464249564978,  0.96028985649753618},
    { 0.18343464249564978, -0.96028985649753618},
    { 0.18343464249564978, -0.79666647741362673},
    { 0.18343464249564978, -0.52553240991632899},
    { 0.18343464249564978, -0.18343464249564978},
    { 0.18343464249564978,  0.18343464249564978},
    { 0.18343464249564978,  0.52553240991632899},
    { 0.18343464249564978,  0.79666647741362673},
    { 0.18343464249564978,  0.96028985649753618},
    { 0.52553240991632899, -0.96028985649753618},
    { 0.52553240991632899, -0.79666647741362673},
    { 0.52553240991632899, -0.52553240991632899},
    { 0.52553240991632899, -0.18343464249564978},
    { 0.52553240991632899,  0.18343464249564978},
    { 0.52553240991632899,  0.52553240991632899},
    { 0.52553240991632899,  0.79666647741362673},
    { 0.52553240991632899,  0.96028985649753618},
    { 0.79666647741362673, -0.96028985649753618},
    { 0.79666647741362673, -0.79666647741362673},
    { 0.79666647741362673, -0.52553240991632899},
    { 0.79666647741362673, -0.18343464249564978},
    { 0.79666647741362673,  0.18343464249564978},
    { 0.79666647741362673,  0.52553240991632899},
    { 0.79666647741362673,  0.79666647741362673},
    { 0.79666647741362673,  0.96028985649753618},
    { 0.96028985649753618, -0.96028985649753618},
    { 0.96028985649753618, -0.79666647741362673},
    { 0.96028985649753618, -0.52553240991632899},
    { 0.96028985649753618, -0.18343464249564978},
    { 0.96028985649753618,  0.18343464249564978},
    { 0.96028985649753618,  0.52553240991632899},
    { 0.96028985649753618,  0.79666647741362673},
    { 0.96028985649753618,  0.96028985649753618}
  };
  constexpr static double wts[64] = {
     0.010247216559492111,
     0.022511306616454913,
      0.03175606458678204,
     0.036713948527647609,
     0.036713948527647609,
      0.03175606458678204,
     0.022511306616454913,
     0.010247216559492111,
     0.022511306616454913,
      0.04945332448455287,
      0.06976240842522291,
     0.080653994927143619,
     0.080653994927143619,
      0.06976240842522291,
      0.04945332448455287,
     0.022511306616454913,
      0.03175606458678204,
      0.06976240842522291,
      0.09841185966795403,
      0.11377631319792803,
      0.11377631319792803,
      0.09841185966795403,
      0.06976240842522291,
      0.03175606458678204,
     0.036713948527647609,
     0.080653994927143619,
      0.11377631319792803,
      0.13153952672564245,
      0.13153952672564245,
      0.11377631319792803,
     0.080653994927143619,
     0.036713948527647609,
     0.036713948527647609,
     0.080653994927143619,
      0.11377631319792803,
      0.13153952672564245,
      0.13153952672564245,
      0.11377631319792803,
     0.080653994927143619,
     0.036713948527647609,
      0.03175606458678204,
      0.06976240842522291,
      0.09841185966795403,
      0.11377631319792803,
      0.11377631319792803,
      0.09841185966795403,
      0.06976240842522291,
      0.03175606458678204,
     0.022511306616454913,
      0.04945332448455287,
      0.06976240842522291,
     0.080653994927143619,
     0.080653994927143619,
      0.06976240842522291,
      0.04945332448455287,
     0.022511306616454913,
     0.010247216559492111,
     0.022511306616454913,
      0.03175606458678204,
     0.036713948527647609,
     0.036713948527647609,
      0.03175606458678204,
     0.022511306616454913,
     0.010247216559492111
  };
};


template<> struct GaussLegendre<2,81> {
  constexpr static int nip = 81;
  constexpr static int deg = 9;

  constexpr static double pts[81][2] = {
    {-0.96816023950762609, -0.96816023950762609},
    {-0.96816023950762609, -0.83603110732663577},
    {-0.96816023950762609, -0.61337143270059036},
    {-0.96816023950762609, -0.32425342340380892},
    {-0.96816023950762609,                  0.0},
    {-0.96816023950762609,  0.32425342340380892},
    {-0.96816023950762609,  0.61337143270059036},
    {-0.96816023950762609,  0.83603110732663577},
    {-0.96816023950762609,  0.96816023950762609},
    {-0.83603110732663577, -0.96816023950762609},
    {-0.83603110732663577, -0.83603110732663577},
    {-0.83603110732663577, -0.61337143270059036},
    {-0.83603110732663577, -0.32425342340380892},
    {-0.83603110732663577,                  0.0},
    {-0.83603110732663577,  0.32425342340380892},
    {-0.83603110732663577,  0.61337143270059036},
    {-0.83603110732663577,  0.83603110732663577},
    {-0.83603110732663577,  0.96816023950762609},
    {-0.61337143270059036, -0.96816023950762609},
    {-0.61337143270059036, -0.83603110732663577},
    {-0.61337143270059036, -0.61337143270059036},
    {-0.61337143270059036, -0.32425342340380892},
    {-0.61337143270059036,                  0.0},
    {-0.61337143270059036,  0.32425342340380892},
    {-0.61337143270059036,  0.61337143270059036},
    {-0.61337143270059036,  0.83603110732663577},
    {-0.61337143270059036,  0.96816023950762609},
    {-0.32425342340380892, -0.96816023950762609},
    {-0.32425342340380892, -0.83603110732663577},
    {-0.32425342340380892, -0.61337143270059036},
    {-0.32425342340380892, -0.32425342340380892},
    {-0.32425342340380892,                  0.0},
    {-0.32425342340380892,  0.32425342340380892},
    {-0.32425342340380892,  0.61337143270059036},
    {-0.32425342340380892,  0.83603110732663577},
    {-0.32425342340380892,  0.96816023950762609},
    {                 0.0, -0.96816023950762609},
    {                 0.0, -0.83603110732663577},
    {                 0.0, -0.61337143270059036},
    {                 0.0, -0.32425342340380892},
    {                 0.0,                  0.0},
    {                 0.0,  0.32425342340380892},
    {                 0.0,  0.61337143270059036},
    {                 0.0,  0.83603110732663577},
    {                 0.0,  0.96816023950762609},
    { 0.32425342340380892, -0.96816023950762609},
    { 0.32425342340380892, -0.83603110732663577},
    { 0.32425342340380892, -0.61337143270059036},
    { 0.32425342340380892, -0.32425342340380892},
    { 0.32425342340380892,                  0.0},
    { 0.32425342340380892,  0.32425342340380892},
    { 0.32425342340380892,  0.61337143270059036},
    { 0.32425342340380892,  0.83603110732663577},
    { 0.32425342340380892,  0.96816023950762609},
    { 0.61337143270059036, -0.96816023950762609},
    { 0.61337143270059036, -0.83603110732663577},
    { 0.61337143270059036, -0.61337143270059036},
    { 0.61337143270059036, -0.32425342340380892},
    { 0.61337143270059036,                  0.0},
    { 0.61337143270059036,  0.32425342340380892},
    { 0.61337143270059036,  0.61337143270059036},
    { 0.61337143270059036,  0.83603110732663577},
    { 0.61337143270059036,  0.96816023950762609},
    { 0.83603110732663577, -0.96816023950762609},
    { 0.83603110732663577, -0.83603110732663577},
    { 0.83603110732663577, -0.61337143270059036},
    { 0.83603110732663577, -0.32425342340380892},
    { 0.83603110732663577,                  0.0},
    { 0.83603110732663577,  0.32425342340380892},
    { 0.83603110732663577,  0.61337143270059036},
    { 0.83603110732663577,  0.83603110732663577},
    { 0.83603110732663577,  0.96816023950762609},
    { 0.96816023950762609, -0.96816023950762609},
    { 0.96816023950762609, -0.83603110732663577},
    { 0.96816023950762609, -0.61337143270059036},
    { 0.96816023950762609, -0.32425342340380892},
    { 0.96816023950762609,                  0.0},
    { 0.96816023950762609,  0.32425342340380892},
    { 0.96816023950762609,  0.61337143270059036},
    { 0.96816023950762609,  0.83603110732663577},
    { 0.96816023950762609,  0.96816023950762609}
  };
  constexpr static double wts[81] = {
     0.0066055262035480721,
     0.014682068769117975,
     0.021180974950632637,
     0.025385817642951884,
     0.026840001590648321,
     0.025385817642951884,
     0.021180974950632637,
     0.014682068769117975,
     0.0066055262035480721,
     0.014682068769117975,
     0.032633757962434923,
     0.047078842962596144,
     0.056424924965691341,
     0.059657132070033522,
     0.056424924965691341,
     0.047078842962596144,
     0.032633757962434923,
     0.014682068769117975,
     0.021180974950632637,
     0.047078842962596144,
     0.067917935079623099,
      0.08140098926681652,
     0.086063908286534582,
      0.08140098926681652,
     0.067917935079623099,
     0.047078842962596144,
     0.021180974950632637,
     0.025385817642951884,
     0.056424924965691341,
      0.08140098926681652,
      0.09756069653543345,
      0.10314929725821929,
      0.09756069653543345,
      0.08140098926681652,
     0.056424924965691341,
     0.025385817642951884,
     0.026840001590648321,
     0.059657132070033522,
     0.086063908286534582,
      0.10314929725821929,
      0.10905803159164801,
      0.10314929725821929,
     0.086063908286534582,
     0.059657132070033522,
     0.026840001590648321,
     0.025385817642951884,
     0.056424924965691341,
      0.08140098926681652,
      0.09756069653543345,
      0.10314929725821929,
      0.09756069653543345,
      0.08140098926681652,
     0.056424924965691341,
     0.025385817642951884,
     0.021180974950632637,
     0.047078842962596144,
     0.067917935079623099,
      0.08140098926681652,
     0.086063908286534582,
      0.08140098926681652,
     0.067917935079623099,
     0.047078842962596144,
     0.021180974950632637,
     0.014682068769117975,
     0.032633757962434923,
     0.047078842962596144,
     0.056424924965691341,
     0.059657132070033522,
     0.056424924965691341,
     0.047078842962596144,
     0.032633757962434923,
     0.014682068769117975,
     0.0066055262035480721,
     0.014682068769117975,
     0.021180974950632637,
     0.025385817642951884,
     0.026840001590648321,
     0.025385817642951884,
     0.021180974950632637,
     0.014682068769117975,
     0.0066055262035480721
  };
};


template<> struct GaussLegendre<2,100> {
  constexpr static int nip = 100;
  constexpr static int deg = 10;

  constexpr static double pts[100][2] = {
    {-0.97390652851717174, -0.97390652851717174},
    {-0.97390652851717174, -0.86506336668898454},
    {-0.97390652851717174, -0.67940956829902444},
    {-0.97390652851717174, -0.43339539412924721},
    {-0.97390652851717174, -0.14887433898163122},
    {-0.97390652851717174,  0.14887433898163122},
    {-0.97390652851717174,  0.43339539412924721},
    {-0.97390652851717174,  0.67940956829902444},
    {-0.97390652851717174,  0.86506336668898454},
    {-0.97390652851717174,  0.97390652851717174},
    {-0.86506336668898454, -0.97390652851717174},
    {-0.86506336668898454, -0.86506336668898454},
    {-0.86506336668898454, -0.67940956829902444},
    {-0.86506336668898454, -0.43339539412924721},
    {-0.86506336668898454, -0.14887433898163122},
    {-0.86506336668898454,  0.14887433898163122},
    {-0.86506336668898454,  0.43339539412924721},
    {-0.86506336668898454,  0.67940956829902444},
    {-0.86506336668898454,  0.86506336668898454},
    {-0.86506336668898454,  0.97390652851717174},
    {-0.67940956829902444, -0.97390652851717174},
    {-0.67940956829902444, -0.86506336668898454},
    {-0.67940956829902444, -0.67940956829902444},
    {-0.67940956829902444, -0.43339539412924721},
    {-0.67940956829902444, -0.14887433898163122},
    {-0.67940956829902444,  0.14887433898163122},
    {-0.67940956829902444,  0.43339539412924721},
    {-0.67940956829902444,  0.67940956829902444},
    {-0.67940956829902444,  0.86506336668898454},
    {-0.67940956829902444,  0.97390652851717174},
    {-0.43339539412924721, -0.97390652851717174},
    {-0.43339539412924721, -0.86506336668898454},
    {-0.43339539412924721, -0.67940956829902444},
    {-0.43339539412924721, -0.43339539412924721},
    {-0.43339539412924721, -0.14887433898163122},
    {-0.43339539412924721,  0.14887433898163122},
    {-0.43339539412924721,  0.43339539412924721},
    {-0.43339539412924721,  0.67940956829902444},
    {-0.43339539412924721,  0.86506336668898454},
    {-0.43339539412924721,  0.97390652851717174},
    {-0.14887433898163122, -0.97390652851717174},
    {-0.14887433898163122, -0.86506336668898454},
    {-0.14887433898163122, -0.67940956829902444},
    {-0.14887433898163122, -0.43339539412924721},
    {-0.14887433898163122, -0.14887433898163122},
    {-0.14887433898163122,  0.14887433898163122},
    {-0.14887433898163122,  0.43339539412924721},
    {-0.14887433898163122,  0.67940956829902444},
    {-0.14887433898163122,  0.86506336668898454},
    {-0.14887433898163122,  0.97390652851717174},
    { 0.14887433898163122, -0.97390652851717174},
    { 0.14887433898163122, -0.86506336668898454},
    { 0.14887433898163122, -0.67940956829902444},
    { 0.14887433898163122, -0.43339539412924721},
    { 0.14887433898163122, -0.14887433898163122},
    { 0.14887433898163122,  0.14887433898163122},
    { 0.14887433898163122,  0.43339539412924721},
    { 0.14887433898163122,  0.67940956829902444},
    { 0.14887433898163122,  0.86506336668898454},
    { 0.14887433898163122,  0.97390652851717174},
    { 0.43339539412924721, -0.97390652851717174},
    { 0.43339539412924721, -0.86506336668898454},
    { 0.43339539412924721, -0.67940956829902444},
    { 0.43339539412924721, -0.43339539412924721},
    { 0.43339539412924721, -0.14887433898163122},
    { 0.43339539412924721,  0.14887433898163122},
    { 0.43339539412924721,  0.43339539412924721},
    { 0.43339539412924721,  0.67940956829902444},
    { 0.43339539412924721,  0.86506336668898454},
    { 0.43339539412924721,  0.97390652851717174},
    { 0.67940956829902444, -0.97390652851717174},
    { 0.67940956829902444, -0.86506336668898454},
    { 0.67940956829902444, -0.67940956829902444},
    { 0.67940956829902444, -0.43339539412924721},
    { 0.67940956829902444, -0.14887433898163122},
    { 0.67940956829902444,  0.14887433898163122},
    { 0.67940956829902444,  0.43339539412924721},
    { 0.67940956829902444,  0.67940956829902444},
    { 0.67940956829902444,  0.86506336668898454},
    { 0.67940956829902444,  0.97390652851717174},
    { 0.86506336668898454, -0.97390652851717174},
    { 0.86506336668898454, -0.86506336668898454},
    { 0.86506336668898454, -0.67940956829902444},
    { 0.86506336668898454, -0.43339539412924721},
    { 0.86506336668898454, -0.14887433898163122},
    { 0.86506336668898454,  0.14887433898163122},
    { 0.86506336668898454,  0.43339539412924721},
    { 0.86506336668898454,  0.67940956829902444},
    { 0.86506336668898454,  0.86506336668898454},
    { 0.86506336668898454,  0.97390652851717174},
    { 0.97390652851717174, -0.97390652851717174},
    { 0.97390652851717174, -0.86506336668898454},
    { 0.97390652851717174, -0.67940956829902444},
    { 0.97390652851717174, -0.43339539412924721},
    { 0.97390652851717174, -0.14887433898163122},
    { 0.97390652851717174,  0.14887433898163122},
    { 0.97390652851717174,  0.43339539412924721},
    { 0.97390652851717174,  0.67940956829902444},
    { 0.97390652851717174,  0.86506336668898454},
    { 0.97390652851717174,  0.97390652851717174}
  };
  constexpr static double wts[100] = {
     0.0044450681519276327,
     0.0099641223566162996,
     0.014606782308641089,
     0.017952374153987642,
     0.019702997337515401,
     0.019702997337515401,
     0.017952374153987642,
     0.014606782308641089,
     0.0099641223566162996,
     0.0044450681519276327,
     0.0099641223566162996,
     0.022335705762928679,
     0.032742752458506649,
     0.040242274482229612,
     0.044166494090299116,
     0.044166494090299116,
     0.040242274482229612,
     0.032742752458506649,
     0.022335705762928679,
     0.0099641223566162996,
     0.014606782308641089,
     0.032742752458506649,
     0.047998834240484289,
     0.058992666080239071,
     0.064745327428110899,
     0.064745327428110899,
     0.058992666080239071,
     0.047998834240484289,
     0.032742752458506649,
     0.014606782308641089,
     0.017952374153987642,
     0.040242274482229612,
     0.058992666080239071,
     0.072504566127968448,
     0.079574838465571729,
     0.079574838465571729,
     0.072504566127968448,
     0.058992666080239071,
     0.040242274482229612,
     0.017952374153987642,
     0.019702997337515401,
     0.044166494090299116,
     0.064745327428110899,
     0.079574838465571729,
     0.087334567393255819,
     0.087334567393255819,
     0.079574838465571729,
     0.064745327428110899,
     0.044166494090299116,
     0.019702997337515401,
     0.019702997337515401,
     0.044166494090299116,
     0.064745327428110899,
     0.079574838465571729,
     0.087334567393255819,
     0.087334567393255819,
     0.079574838465571729,
     0.064745327428110899,
     0.044166494090299116,
     0.019702997337515401,
     0.017952374153987642,
     0.040242274482229612,
     0.058992666080239071,
     0.072504566127968448,
     0.079574838465571729,
     0.079574838465571729,
     0.072504566127968448,
     0.058992666080239071,
     0.040242274482229612,
     0.017952374153987642,
     0.014606782308641089,
     0.032742752458506649,
     0.047998834240484289,
     0.058992666080239071,
     0.064745327428110899,
     0.064745327428110899,
     0.058992666080239071,
     0.047998834240484289,
     0.032742752458506649,
     0.014606782308641089,
     0.0099641223566162996,
     0.022335705762928679,
     0.032742752458506649,
     0.040242274482229612,
     0.044166494090299116,
     0.044166494090299116,
     0.040242274482229612,
     0.032742752458506649,
     0.022335705762928679,
     0.0099641223566162996,
     0.0044450681519276327,
     0.0099641223566162996,
     0.014606782308641089,
     0.017952374153987642,
     0.019702997337515401,
     0.019702997337515401,
     0.017952374153987642,
     0.014606782308641089,
     0.0099641223566162996,
     0.0044450681519276327
  };
};


template<> struct GaussLegendre<2,121> {
  constexpr static int nip = 121;
  constexpr static int deg = 11;

  constexpr static double pts[121][2] = {
    {-0.97822865814605697, -0.97822865814605697},
    {-0.97822865814605697, -0.88706259976809532},
    {-0.97822865814605697, -0.73015200557404936},
    {-0.97822865814605697, -0.51909612920681181},
    {-0.97822865814605697, -0.26954315595234496},
    {-0.97822865814605697,                  0.0},
    {-0.97822865814605697,  0.26954315595234496},
    {-0.97822865814605697,  0.51909612920681181},
    {-0.97822865814605697,  0.73015200557404936},
    {-0.97822865814605697,  0.88706259976809532},
    {-0.97822865814605697,  0.97822865814605697},
    {-0.88706259976809532, -0.97822865814605697},
    {-0.88706259976809532, -0.88706259976809532},
    {-0.88706259976809532, -0.73015200557404936},
    {-0.88706259976809532, -0.51909612920681181},
    {-0.88706259976809532, -0.26954315595234496},
    {-0.88706259976809532,                  0.0},
    {-0.88706259976809532,  0.26954315595234496},
    {-0.88706259976809532,  0.51909612920681181},
    {-0.88706259976809532,  0.73015200557404936},
    {-0.88706259976809532,  0.88706259976809532},
    {-0.88706259976809532,  0.97822865814605697},
    {-0.73015200557404936, -0.97822865814605697},
    {-0.73015200557404936, -0.88706259976809532},
    {-0.73015200557404936, -0.73015200557404936},
    {-0.73015200557404936, -0.51909612920681181},
    {-0.73015200557404936, -0.26954315595234496},
    {-0.73015200557404936,                  0.0},
    {-0.73015200557404936,  0.26954315595234496},
    {-0.73015200557404936,  0.51909612920681181},
    {-0.73015200557404936,  0.73015200557404936},
    {-0.73015200557404936,  0.88706259976809532},
    {-0.73015200557404936,  0.97822865814605697},
    {-0.51909612920681181, -0.97822865814605697},
    {-0.51909612920681181, -0.88706259976809532},
    {-0.51909612920681181, -0.73015200557404936},
    {-0.51909612920681181, -0.51909612920681181},
    {-0.51909612920681181, -0.26954315595234496},
    {-0.51909612920681181,                  0.0},
    {-0.51909612920681181,  0.26954315595234496},
    {-0.51909612920681181,  0.51909612920681181},
    {-0.51909612920681181,  0.73015200557404936},
    {-0.51909612920681181,  0.88706259976809532},
    {-0.51909612920681181,  0.97822865814605697},
    {-0.26954315595234496, -0.97822865814605697},
    {-0.26954315595234496, -0.88706259976809532},
    {-0.26954315595234496, -0.73015200557404936},
    {-0.26954315595234496, -0.51909612920681181},
    {-0.26954315595234496, -0.26954315595234496},
    {-0.26954315595234496,                  0.0},
    {-0.26954315595234496,  0.26954315595234496},
    {-0.26954315595234496,  0.51909612920681181},
    {-0.26954315595234496,  0.73015200557404936},
    {-0.26954315595234496,  0.88706259976809532},
    {-0.26954315595234496,  0.97822865814605697},
    {                 0.0, -0.97822865814605697},
    {                 0.0, -0.88706259976809532},
    {                 0.0, -0.73015200557404936},
    {                 0.0, -0.51909612920681181},
    {                 0.0, -0.26954315595234496},
    {                 0.0,                  0.0},
    {                 0.0,  0.26954315595234496},
    {                 0.0,  0.51909612920681181},
    {                 0.0,  0.73015200557404936},
    {                 0.0,  0.88706259976809532},
    {                 0.0,  0.97822865814605697},
    { 0.26954315595234496, -0.97822865814605697},
    { 0.26954315595234496, -0.88706259976809532},
    { 0.26954315595234496, -0.73015200557404936},
    { 0.26954315595234496, -0.51909612920681181},
    { 0.26954315595234496, -0.26954315595234496},
    { 0.26954315595234496,                  0.0},
    { 0.26954315595234496,  0.26954315595234496},
    { 0.26954315595234496,  0.51909612920681181},
    { 0.26954315595234496,  0.73015200557404936},
    { 0.26954315595234496,  0.88706259976809532},
    { 0.26954315595234496,  0.97822865814605697},
    { 0.51909612920681181, -0.97822865814605697},
    { 0.51909612920681181, -0.88706259976809532},
    { 0.51909612920681181, -0.73015200557404936},
    { 0.51909612920681181, -0.51909612920681181},
    { 0.51909612920681181, -0.26954315595234496},
    { 0.51909612920681181,                  0.0},
    { 0.51909612920681181,  0.26954315595234496},
    { 0.51909612920681181,  0.51909612920681181},
    { 0.51909612920681181,  0.73015200557404936},
    { 0.51909612920681181,  0.88706259976809532},
    { 0.51909612920681181,  0.97822865814605697},
    { 0.73015200557404936, -0.97822865814605697},
    { 0.73015200557404936, -0.88706259976809532},
    { 0.73015200557404936, -0.73015200557404936},
    { 0.73015200557404936, -0.51909612920681181},
    { 0.73015200557404936, -0.26954315595234496},
    { 0.73015200557404936,                  0.0},
    { 0.73015200557404936,  0.26954315595234496},
    { 0.73015200557404936,  0.51909612920681181},
    { 0.73015200557404936,  0.73015200557404936},
    { 0.73015200557404936,  0.88706259976809532},
    { 0.73015200557404936,  0.97822865814605697},
    { 0.88706259976809532, -0.97822865814605697},
    { 0.88706259976809532, -0.88706259976809532},
    { 0.88706259976809532, -0.73015200557404936},
    { 0.88706259976809532, -0.51909612920681181},
    { 0.88706259976809532, -0.26954315595234496},
    { 0.88706259976809532,                  0.0},
    { 0.88706259976809532,  0.26954315595234496},
    { 0.88706259976809532,  0.51909612920681181},
    { 0.88706259976809532,  0.73015200557404936},
    { 0.88706259976809532,  0.88706259976809532},
    { 0.88706259976809532,  0.97822865814605697},
    { 0.97822865814605697, -0.97822865814605697},
    { 0.97822865814605697, -0.88706259976809532},
    { 0.97822865814605697, -0.73015200557404936},
    { 0.97822865814605697, -0.51909612920681181},
    { 0.97822865814605697, -0.26954315595234496},
    { 0.97822865814605697,                  0.0},
    { 0.97822865814605697,  0.26954315595234496},
    { 0.97822865814605697,  0.51909612920681181},
    { 0.97822865814605697,  0.73015200557404936},
    { 0.97822865814605697,  0.88706259976809532},
    { 0.97822865814605697,  0.97822865814605697}
  };
  constexpr static double wts[121] = {
     0.003098989364767876,
     0.0069908792260308696,
      0.01037050911011664,
     0.012981562735262318,
     0.014629952424503989,
     0.015193348510982961,
     0.014629952424503989,
     0.012981562735262318,
      0.01037050911011664,
     0.0069908792260308696,
     0.003098989364767876,
     0.0069908792260308696,
     0.015770429194941968,
     0.023394393515999916,
     0.029284559114374199,
     0.033003091796652777,
     0.034274033233809967,
     0.033003091796652777,
     0.029284559114374199,
     0.023394393515999916,
     0.015770429194941968,
     0.0069908792260308696,
      0.01037050911011664,
     0.023394393515999916,
     0.034704042687499784,
     0.043441715592874394,
     0.048957914029581037,
     0.050843271983325382,
     0.048957914029581037,
     0.043441715592874394,
     0.034704042687499784,
     0.023394393515999916,
      0.01037050911011664,
     0.012981562735262318,
     0.029284559114374199,
     0.043441715592874394,
     0.054379331844584766,
     0.061284381086227822,
     0.063644428437334449,
     0.061284381086227822,
     0.054379331844584766,
     0.043441715592874394,
     0.029284559114374199,
     0.012981562735262318,
     0.014629952424503989,
     0.033003091796652777,
     0.048957914029581037,
     0.061284381086227822,
      0.06906622861523827,
     0.071725953116085817,
      0.06906622861523827,
     0.061284381086227822,
     0.048957914029581037,
     0.033003091796652777,
     0.014629952424503989,
     0.015193348510982961,
     0.034274033233809967,
     0.050843271983325382,
     0.063644428437334449,
     0.071725953116085817,
     0.074488102992724736,
     0.071725953116085817,
     0.063644428437334449,
     0.050843271983325382,
     0.034274033233809967,
     0.015193348510982961,
     0.014629952424503989,
     0.033003091796652777,
     0.048957914029581037,
     0.061284381086227822,
      0.06906622861523827,
     0.071725953116085817,
      0.06906622861523827,
